562 : 10 29 48
563 : 10 29 66
564 : 10 47 66
565 : 28 47 66
566 : 10 30 47
567 : 10 30 65
568 : 10 48 65
569 : 28 48 65
570 : 11 28 48
571 : 11 28 66
572 : 11 46 66
573 : 29 46 66
574 : 11 30 46
575 : 11 30 64
576 : 11 48 64
577 : 29 48 64
578 : 12 28 47
579 : 12 28 65
580 : 12 46 65
581 : 30 46 65
582 : 12 29 46
583 : 12 29 64
584 : 12 47 64
585 : 30 47 64
586 : 10 31 52
587 : 10 31 70
588 : 10 49 70
589 : 28 49 70
590 : 10 34 49
591 : 10 34 67
592 : 10 52 67
593 : 28 52 67
594 : 13 28 52
595 : 13 28 70
596 : 13 46 70
597 : 31 46 70
598 : 13 34 46
599 : 13 34 64
600 : 13 52 64
601 : 31 52 64
602 : 16 28 49
603 : 16 28 67
604 : 16 46 67
605 : 34 46 67
606 : 16 31 46
607 : 16 31 64
608 : 16 49 64
609 : 34 49 64
610 : 13 32 51
611 : 13 32 69
612 : 13 50 69
613 : 31 50 69
614 : 13 33 50
615 : 13 33 68
616 : 13 51 68
617 : 31 51 68
618 : 14 31 51
619 : 14 31 69
620 : 14 49 69
621 : 32 49 69
622 : 14 33 49
623 : 14 33 67
624 : 14 51 67
625 : 32 51 67
626 : 15 31 50
627 : 15 31 68
628 : 15 49 68
629 : 33 49 68
630 : 15 32 49
631 : 15 32 67
632 : 15 50 67
633 : 33 50 67
634 : 11 32 53
635 : 11 32 71
636 : 11 50 71
637 : 29 50 71
638 : 11 35 50
639 : 11 35 68
640 : 11 53 68
641 : 29 53 68
642 : 14 29 53
643 : 14 29 71
644 : 14 47 71
645 : 32 47 71
646 : 14 35 47
647 : 14 35 65
648 : 14 53 65
649 : 32 53 65
650 : 17 29 50
651 : 17 29 68
652 : 17 47 68
653 : 35 47 68
654 : 17 32 47
655 : 17 32 65
656 : 17 50 65
657 : 35 50 65
658 : 16 35 54
659 : 16 35 72
660 : 16 53 72
661 : 34 53 72
662 : 16 36 53
663 : 16 36 71
664 : 16 54 71
665 : 34 54 71
666 : 17 34 54
667 : 17 34 72
668 : 17 52 72
669 : 35 52 72
670 : 17 36 52
671 : 17 36 70
672 : 17 54 70
673 : 35 54 70
674 : 18 34 53
675 : 18 34 71
676 : 18 52 71
677 : 36 52 71
678 : 18 35 52
679 : 18 35 70
680 : 18 53 70
681 : 36 53 70
682 : 12 33 54
683 : 12 33 72
684 : 12 51 72
685 : 30 51 72
686 : 12 36 51
687 : 12 36 69
688 : 12 54 69
689 : 30 54 69
690 : 15 30 54
691 : 15 30 72
692 : 15 48 72
693 : 33 48 72
694 : 15 36 48
695 : 15 36 66
696 : 15 54 66
697 : 33 54 66
698 : 18 30 51
699 : 18 30 69
700 : 18 48 69
701 : 36 48 69
702 : 18 33 48
703 : 18 33 66
704 : 18 51 66
705 : 36 51 66
706 : 10 32 54
707 : 10 32 72
708 : 10 50 72
709 : 28 50 72
710 : 10 36 50
711 : 10 36 68
712 : 10 54 68
713 : 28 54 68
714 : 14 28 54
715 : 14 28 72
716 : 14 46 72
717 : 32 46 72
718 : 14 36 46
719 : 14 36 64
720 : 14 54 64
721 : 32 54 64
722 : 18 28 50
723 : 18 28 68
724 : 18 46 68
725 : 36 46 68
726 : 18 32 46
727 : 18 32 64
728 : 18 50 64
729 : 36 50 64
730 : 12 32 52
731 : 12 32 70
732 : 12 50 70
733 : 30 50 70
734 : 12 34 50
735 : 12 34 68
736 : 12 52 68
737 : 30 52 68
738 : 14 30 52
739 : 14 30 70
740 : 14 48 70
741 : 32 48 70
742 : 14 34 48
743 : 14 34 66
744 : 14 52 66
745 : 32 52 66
746 : 16 30 50
747 : 16 30 68
748 : 16 48 68
749 : 34 48 68
750 : 16 32 48
751 : 16 32 66
752 : 16 50 66
753 : 34 50 66
