82 : 1 20 39
83 : 1 20 57
84 : 1 20 75
85 : 1 38 57
86 : 1 38 75
87 : 1 56 75
88 : 19 38 57
89 : 19 38 75
90 : 19 56 75
91 : 37 56 75
92 : 1 21 38
93 : 1 21 56
94 : 1 21 74
95 : 1 39 56
96 : 1 39 74
97 : 1 57 74
98 : 19 39 56
99 : 19 39 74
100 : 19 57 74
101 : 37 57 74
102 : 2 19 39
103 : 2 19 57
104 : 2 19 75
105 : 2 37 57
106 : 2 37 75
107 : 2 55 75
108 : 20 37 57
109 : 20 37 75
110 : 20 55 75
111 : 38 55 75
112 : 2 21 37
113 : 2 21 55
114 : 2 21 73
115 : 2 39 55
116 : 2 39 73
117 : 2 57 73
118 : 20 39 55
119 : 20 39 73
120 : 20 57 73
121 : 38 57 73
122 : 3 19 38
123 : 3 19 56
124 : 3 19 74
125 : 3 37 56
126 : 3 37 74
127 : 3 55 74
128 : 21 37 56
129 : 21 37 74
130 : 21 55 74
131 : 39 55 74
132 : 3 20 37
133 : 3 20 55
134 : 3 20 73
135 : 3 38 55
136 : 3 38 73
137 : 3 56 73
138 : 21 38 55
139 : 21 38 73
140 : 21 56 73
141 : 39 56 73
142 : 1 22 43
143 : 1 22 61
144 : 1 22 79
145 : 1 40 61
146 : 1 40 79
147 : 1 58 79
148 : 19 40 61
149 : 19 40 79
150 : 19 58 79
151 : 37 58 79
152 : 1 25 40
153 : 1 25 58
154 : 1 25 76
155 : 1 43 58
156 : 1 43 76
157 : 1 61 76
158 : 19 43 58
159 : 19 43 76
160 : 19 61 76
161 : 37 61 76
162 : 4 19 43
163 : 4 19 61
164 : 4 19 79
165 : 4 37 61
166 : 4 37 79
167 : 4 55 79
168 : 22 37 61
169 : 22 37 79
170 : 22 55 79
171 : 40 55 79
172 : 4 25 37
173 : 4 25 55
174 : 4 25 73
175 : 4 43 55
176 : 4 43 73
177 : 4 61 73
178 : 22 43 55
179 : 22 43 73
180 : 22 61 73
181 : 40 61 73
182 : 7 19 40
183 : 7 19 58
184 : 7 19 76
185 : 7 37 58
186 : 7 37 76
187 : 7 55 76
188 : 25 37 58
189 : 25 37 76
190 : 25 55 76
191 : 43 55 76
192 : 7 22 37
193 : 7 22 55
194 : 7 22 73
195 : 7 40 55
196 : 7 40 73
197 : 7 58 73
198 : 25 40 55
199 : 25 40 73
200 : 25 58 73
201 : 43 58 73
202 : 4 23 42
203 : 4 23 60
204 : 4 23 78
205 : 4 41 60
206 : 4 41 78
207 : 4 59 78
208 : 22 41 60
209 : 22 41 78
210 : 22 59 78
211 : 40 59 78
212 : 4 24 41
213 : 4 24 59
214 : 4 24 77
215 : 4 42 59
216 : 4 42 77
217 : 4 60 77
218 : 22 42 59
219 : 22 42 77
220 : 22 60 77
221 : 40 60 77
222 : 5 22 42
223 : 5 22 60
224 : 5 22 78
225 : 5 40 60
226 : 5 40 78
227 : 5 58 78
228 : 23 40 60
229 : 23 40 78
230 : 23 58 78
231 : 41 58 78
232 : 5 24 40
233 : 5 24 58
234 : 5 24 76
235 : 5 42 58
236 : 5 42 76
237 : 5 60 76
238 : 23 42 58
239 : 23 42 76
240 : 23 60 76
241 : 41 60 76
242 : 6 22 41
243 : 6 22 59
244 : 6 22 77
245 : 6 40 59
246 : 6 40 77
247 : 6 58 77
248 : 24 40 59
249 : 24 40 77
250 : 24 58 77
251 : 42 58 77
252 : 6 23 40
253 : 6 23 58
254 : 6 23 76
255 : 6 41 58
256 : 6 41 76
257 : 6 59 76
258 : 24 41 58
259 : 24 41 76
260 : 24 59 76
261 : 42 59 76
262 : 2 23 44
263 : 2 23 62
264 : 2 23 80
265 : 2 41 62
266 : 2 41 80
267 : 2 59 80
268 : 20 41 62
269 : 20 41 80
270 : 20 59 80
271 : 38 59 80
272 : 2 26 41
273 : 2 26 59
274 : 2 26 77
275 : 2 44 59
276 : 2 44 77
277 : 2 62 77
278 : 20 44 59
279 : 20 44 77
280 : 20 62 77
281 : 38 62 77
282 : 5 20 44
283 : 5 20 62
284 : 5 20 80
285 : 5 38 62
286 : 5 38 80
287 : 5 56 80
288 : 23 38 62
289 : 23 38 80
290 : 23 56 80
291 : 41 56 80
292 : 5 26 38
293 : 5 26 56
294 : 5 26 74
295 : 5 44 56
296 : 5 44 74
297 : 5 62 74
298 : 23 44 56
299 : 23 44 74
300 : 23 62 74
301 : 41 62 74
302 : 8 20 41
303 : 8 20 59
304 : 8 20 77
305 : 8 38 59
306 : 8 38 77
307 : 8 56 77
308 : 26 38 59
309 : 26 38 77
310 : 26 56 77
311 : 44 56 77
312 : 8 23 38
313 : 8 23 56
314 : 8 23 74
315 : 8 41 56
316 : 8 41 74
317 : 8 59 74
318 : 26 41 56
319 : 26 41 74
320 : 26 59 74
321 : 44 59 74
322 : 7 26 45
323 : 7 26 63
324 : 7 26 81
325 : 7 44 63
326 : 7 44 81
327 : 7 62 81
328 : 25 44 63
329 : 25 44 81
330 : 25 62 81
331 : 43 62 81
332 : 7 27 44
333 : 7 27 62
334 : 7 27 80
335 : 7 45 62
336 : 7 45 80
337 : 7 63 80
338 : 25 45 62
339 : 25 45 80
340 : 25 63 80
341 : 43 63 80
342 : 8 25 45
343 : 8 25 63
344 : 8 25 81
345 : 8 43 63
346 : 8 43 81
347 : 8 61 81
348 : 26 43 63
349 : 26 43 81
350 : 26 61 81
351 : 44 61 81
352 : 8 27 43
353 : 8 27 61
354 : 8 27 79
355 : 8 45 61
356 : 8 45 79
357 : 8 63 79
358 : 26 45 61
359 : 26 45 79
360 : 26 63 79
361 : 44 63 79
362 : 9 25 44
363 : 9 25 62
364 : 9 25 80
365 : 9 43 62
366 : 9 43 80
367 : 9 61 80
368 : 27 43 62
369 : 27 43 80
370 : 27 61 80
371 : 45 61 80
372 : 9 26 43
373 : 9 26 61
374 : 9 26 79
375 : 9 44 61
376 : 9 44 79
377 : 9 62 79
378 : 27 44 61
379 : 27 44 79
380 : 27 62 79
381 : 45 62 79
382 : 3 24 45
383 : 3 24 63
384 : 3 24 81
385 : 3 42 63
386 : 3 42 81
387 : 3 60 81
388 : 21 42 63
389 : 21 42 81
390 : 21 60 81
391 : 39 60 81
392 : 3 27 42
393 : 3 27 60
394 : 3 27 78
395 : 3 45 60
396 : 3 45 78
397 : 3 63 78
398 : 21 45 60
399 : 21 45 78
400 : 21 63 78
401 : 39 63 78
402 : 6 21 45
403 : 6 21 63
404 : 6 21 81
405 : 6 39 63
406 : 6 39 81
407 : 6 57 81
408 : 24 39 63
409 : 24 39 81
410 : 24 57 81
411 : 42 57 81
412 : 6 27 39
413 : 6 27 57
414 : 6 27 75
415 : 6 45 57
416 : 6 45 75
417 : 6 63 75
418 : 24 45 57
419 : 24 45 75
420 : 24 63 75
421 : 42 63 75
422 : 9 21 42
423 : 9 21 60
424 : 9 21 78
425 : 9 39 60
426 : 9 39 78
427 : 9 57 78
428 : 27 39 60
429 : 27 39 78
430 : 27 57 78
431 : 45 57 78
432 : 9 24 39
433 : 9 24 57
434 : 9 24 75
435 : 9 42 57
436 : 9 42 75
437 : 9 60 75
438 : 27 42 57
439 : 27 42 75
440 : 27 60 75
441 : 45 60 75
442 : 1 23 45
443 : 1 23 63
444 : 1 23 81
445 : 1 41 63
446 : 1 41 81
447 : 1 59 81
448 : 19 41 63
449 : 19 41 81
450 : 19 59 81
451 : 37 59 81
452 : 1 27 41
453 : 1 27 59
454 : 1 27 77
455 : 1 45 59
456 : 1 45 77
457 : 1 63 77
458 : 19 45 59
459 : 19 45 77
460 : 19 63 77
461 : 37 63 77
462 : 5 19 45
463 : 5 19 63
464 : 5 19 81
465 : 5 37 63
466 : 5 37 81
467 : 5 55 81
468 : 23 37 63
469 : 23 37 81
470 : 23 55 81
471 : 41 55 81
472 : 5 27 37
473 : 5 27 55
474 : 5 27 73
475 : 5 45 55
476 : 5 45 73
477 : 5 63 73
478 : 23 45 55
479 : 23 45 73
480 : 23 63 73
481 : 41 63 73
482 : 9 19 41
483 : 9 19 59
484 : 9 19 77
485 : 9 37 59
486 : 9 37 77
487 : 9 55 77
488 : 27 37 59
489 : 27 37 77
490 : 27 55 77
491 : 45 55 77
492 : 9 23 37
493 : 9 23 55
494 : 9 23 73
495 : 9 41 55
496 : 9 41 73
497 : 9 59 73
498 : 27 41 55
499 : 27 41 73
500 : 27 59 73
501 : 45 59 73
502 : 3 23 43
503 : 3 23 61
504 : 3 23 79
505 : 3 41 61
506 : 3 41 79
507 : 3 59 79
508 : 21 41 61
509 : 21 41 79
510 : 21 59 79
511 : 39 59 79
512 : 3 25 41
513 : 3 25 59
514 : 3 25 77
515 : 3 43 59
516 : 3 43 77
517 : 3 61 77
518 : 21 43 59
519 : 21 43 77
520 : 21 61 77
521 : 39 61 77
522 : 5 21 43
523 : 5 21 61
524 : 5 21 79
525 : 5 39 61
526 : 5 39 79
527 : 5 57 79
528 : 23 39 61
529 : 23 39 79
530 : 23 57 79
531 : 41 57 79
532 : 5 25 39
533 : 5 25 57
534 : 5 25 75
535 : 5 43 57
536 : 5 43 75
537 : 5 61 75
538 : 23 43 57
539 : 23 43 75
540 : 23 61 75
541 : 41 61 75
542 : 7 21 41
543 : 7 21 59
544 : 7 21 77
545 : 7 39 59
546 : 7 39 77
547 : 7 57 77
548 : 25 39 59
549 : 25 39 77
550 : 25 57 77
551 : 43 57 77
552 : 7 23 39
553 : 7 23 57
554 : 7 23 75
555 : 7 41 57
556 : 7 41 75
557 : 7 59 75
558 : 25 41 57
559 : 25 41 75
560 : 25 59 75
561 : 43 59 75
